                                   CBOдKA O BшоOкHEHхх окAHA хHCTPсMEHTAкэHшM оPOхгBOдярбOM HA    10916
 ----------------------------------------------------------------------------------------------------------------------
 HAхMEHOBAHхE    !MECъв-! окAH !MECъв-!тAKTхвECKOE !     BAкOBAъ оPOдсKжхъ C HAвAкA MECъжA      !HOMEHKкATсPA!CдAHO гA!
                 !Hши   !      !Hши   !BшоOкHEHхE  !---------------------------------------------------------!       !
 оOдPAгдEкEHхъ   !PECсPC! ощO  !окAH  !окAHA       !    окAH    !окAHOB тAKT !BHEокAH.тAKT!оPOж !тAKTхв.BшоOк! CсTKх  !
 -----------------------------------------------------------------------------------------!     !----------------------
                 !H/вACш!H/вACш!H/вACш!H/вACш!  %  !H/вACш!  %  !H/вACш!  %  !H/вACш!  %  !BшоOк!H/вACш!  %  !H/вACш  !
 ----------------------------------------------------------------------------------------------------------------------
 рнйюпHне люк.  1    541      0    141      0     0     11     7      0     0      0     0     0     24   218      0
 рнйюпHне анк.  1    812      0    204    151    18     16     7    116   725     35   218   943      7    43    151
 бепр/тпег.а.   1    271      0    109      0     0      4     3      0     0      0     0     0     15   375      0
 сHхб/тпег.л.   1    271      0    173    115    42     10     5    115  1150      0     0  1150     26   260    115
 тп.вос         1     90      0      1      0     0      1   100      0     0      0     0     0      0     0      0
 опнт.ькхтнбйю  1    541      0    164     28     5     15     9     20   133      8    53   186     16   106     28
 йп/ькхтнб.     1     90      0      1      0     0      1   100      0     0      0     0     0      0     0      0
 ок/ькхтнб.     1    271      0     98    100    36      9     9     80   888     20   222  1110     21   233    100
 якеяюпHне      1   2778      0   2378    330    11    396    16    330    83      0     0    83    267    67    330
 йно/тпег.      1     90      0      1      0     0      1   100      0     0      0     0     0      0     0      0
 цюкэбюHхв.     1    180      0      1      0     0      1   100      0     0      0     0     0      0     0      0
 сHхб/ькхтнб.   1     90      0      1      0     0      1   100      0     0      0     0     0      0     0      0
 й/пюяр.л.      1    920      0    428    112    12    105    24     95    90     18    17   107     52    49    112
 й/пюяр.а.      1    307      0    154      0     0     16    10      0     0      0     0     0     21   131      0
 нор/ькхтнб.    1     44      0      1      0     0      1   100      0     0      0     0     0      0     0      0
 й/ькхтнб.      1    289      0    111     58    20     24    21     56   233      2     8   241     10    41     58
                                   CBOдKA O BшоOкHEHхх окAHA хHCTPсMEHTAкэHшM оPOхгBOдярбOM HA    10916
 ----------------------------------------------------------------------------------------------------------------------
 HAхMEHOBAHхE    !MECъв-! окAH !MECъв-!тAKTхвECKOE !     BAкOBAъ оPOдсKжхъ C HAвAкA MECъжA      !HOMEHKкATсPA!CдAHO гA!
                 !Hши   !      !Hши   !BшоOкHEHхE  !---------------------------------------------------------!       !
 оOдPAгдEкEHхъ   !PECсPC! ощO  !окAH  !окAHA       !    окAH    !окAHOB тAKT !BHEокAH.тAKT!оPOж !тAKTхв.BшоOк! CсTKх  !
 -----------------------------------------------------------------------------------------!     !----------------------
                 !H/вACш!H/вACш!H/вACш!H/вACш!  %  !H/вACш!  %  !H/вACш!  %  !H/вACш!  %  !BшоOк!H/вACш!  %  !H/вACш  !
 ----------------------------------------------------------------------------------------------------------------------
 хTOцO оO св-йс     7585   5720   3966    894    15    612    15    812   132     83    13   145    459    75    894
 рнйюпHне анк.  2    577      0    321      0     0     55    17      0     0      0     0     0      0     0      0
 рнйюпHне люк.  2    577      0    276      0     0     53    19      0     0      0     0     0      0     0      0
 сHхб/тпег.л.   2    577      0    235      0     0     29    12      0     0      0     0     0      0     0      0
 цнп/тпег.      2     90      0      6      0     0      5    83      0     0      0     0     0      0     0      0
 йп/ькхтнб.анк. 2    289      0    242      0     0     36    14      0     0      0     0     0     19    52      0
 йп/ькхтнб.люк. 2     90      0     29      0     0      9    31      0     0      0     0     0      2    22      0
 ок/ькхтнб.люк. 2    289      0    271      0     0     36    13      0     0      0     0     0      7    19      0
 опнт.ькхтнбйю  2    289      0    241      0     0     19     7      0     0      0     0     0      0     0      0
 бHср/ькхтнб.   2     45      0      1      0     0      1   100      0     0      0     0     0      0     0      0
 яр.тюянH       2     90      0      2      0     0      1    50      0     0      0     0     0      0     0      0
 днкаефHне      2     90      0     18      0     0      3    16      0     0      0     0     0      0     0      0
 бепр/тпег.а.   2    289      0    205      0     0     34    16      0     0      0     0     0      0     0      0
 гюрнвHне       2    180      0      1      0     0      1   100      0     0      0     0     0      0     0      0
 якеяюпHне      2   2742      0   2399      0     0    374    15      0     0      0     0     0      4     1      0
 щк/щппнг.вос   2    289      0    236      0     0     37    15      0     0      0     0     0      0     0      0
                                   CBOдKA O BшоOкHEHхх окAHA хHCTPсMEHTAкэHшM оPOхгBOдярбOM HA    10916
 ----------------------------------------------------------------------------------------------------------------------
 HAхMEHOBAHхE    !MECъв-! окAH !MECъв-!тAKTхвECKOE !     BAкOBAъ оPOдсKжхъ C HAвAкA MECъжA      !HOMEHKкATсPA!CдAHO гA!
                 !Hши   !      !Hши   !BшоOкHEHхE  !---------------------------------------------------------!       !
 оOдPAгдEкEHхъ   !PECсPC! ощO  !окAH  !окAHA       !    окAH    !окAHOB тAKT !BHEокAH.тAKT!оPOж !тAKTхв.BшоOк! CсTKх  !
 -----------------------------------------------------------------------------------------!     !----------------------
                 !H/вACш!H/вACш!H/вACш!H/вACш!  %  !H/вACш!  %  !H/вACш!  %  !H/вACш!  %  !BшоOк!H/вACш!  %  !H/вACш  !
 ----------------------------------------------------------------------------------------------------------------------
 щк/щппнг.      2    289      0     40      0     0     14    35      0     0      0     0     0      0     0      0
 реп-напюа.     2    180      0      7      0     0      1    14      0     0      0     0     0      0     0      0
 хTOцO оO св-йс     6972   5180   4530      0     0    708    15      0     0      0     0     0     32     4      0
 якеяюпHне      3   2760      0   1101      0     0    390    35      0     0      0     0     0      0     0      0
 цпюбепHне      3    235      0    192      0     0     24    12      0     0      0     0     0      0     0      0
 й/пюяр.л.      3     90      0      1      0     0      1   100      0     0      0     0     0      0     0      0
 рнйюпHне люк.  3    920      0    262      0     0     37    14      0     0      0     0     0      0     0      0
 рнйюпHне анк.  3    613      0    381      0     0     26     6      0     0      0     0     0      0     0      0
 рнйюпHне вос   3     45      0      1      0     0      1   100      0     0      0     0     0      0     0      0
 тпегепHне      3    613      0    541      0     0     88    16      0     0      0     0     0      0     0      0
 ькхтнбюкэHне   3    920      0    329      0     0     78    23      0     0      0     0     0      2     2      0
 йпсц.ькхтнбйю  3    307      0    183      0     0     38    20      0     0      0     0     0      0     0      0
 п/ькхтнб.      3    613      0    151      0     0     20    13      0     0      0     0     0      0     0      0
 оп.ькхтнбйю    3    307      0     76      0     0     16    21      0     0      0     0     0      0     0      0
 гюрнвHне       3    812      0    242      0     0     60    24      0     0      0     0     0      1     1      0
 сопнвHеHхе     3    361      0      1      0     0      1   100      0     0      0     0     0      0     0      0
                                   CBOдKA O BшоOкHEHхх окAHA хHCTPсMEHTAкэHшM оPOхгBOдярбOM HA    10916
 ----------------------------------------------------------------------------------------------------------------------
 HAхMEHOBAHхE    !MECъв-! окAH !MECъв-!тAKTхвECKOE !     BAкOBAъ оPOдсKжхъ C HAвAкA MECъжA      !HOMEHKкATсPA!CдAHO гA!
                 !Hши   !      !Hши   !BшоOкHEHхE  !---------------------------------------------------------!       !
 оOдPAгдEкEHхъ   !PECсPC! ощO  !окAH  !окAHA       !    окAH    !окAHOB тAKT !BHEокAH.тAKT!оPOж !тAKTхв.BшоOк! CсTKх  !
 -----------------------------------------------------------------------------------------!     !----------------------
                 !H/вACш!H/вACш!H/вACш!H/вACш!  %  !H/вACш!  %  !H/вACш!  %  !H/вACш!  %  !BшоOк!H/вACш!  %  !H/вACш  !
 ----------------------------------------------------------------------------------------------------------------------
 рнй.гюршкнб.   3     45      0      5      0     0      1    20      0     0      0     0     0      0     0      0
 оюийю          3     45      0      1      0     0      1   100      0     0      0     0     0      0     0      0
 хTOцO оO св-йс     8686   5450   3467      0     0    782    22      0     0      0     0     0      3     0      0
 ок/ькхтнб.анк. 5    180      0      1      0     0      1   100      0     0      0     0     0      0     0      0
 гюцнрнбйю      5   3464      0   1423      0     0    472    33      0     0      0     0     0      0     0      0
 цюгнпегйю      5    180      0     47      0     0      1     2      0     0      0     0     0      0     0      0
 хTOцO оO св-йс     3824   1900   1471      0     0    474    32      0     0      0     0     0      0     0      0
 хTOцO оO жEXс     27067  18250  13434    894     4   2576    19    812    31     83     3    34    494    19    894
 
 
 
 
 
 
 
 
